62.00
58.00
58.00
65.00
62.70
54.50
56.50
63.50
94.40
85.60
74.00
121.70
70.20
151.00
116.90
89.80
61.00
112.00
47.30
162.50
98.30
155.00
84.80
103.50
133.00
89.80
99.60
83.20
70.00
92.80
122.30
107.20
74.90
82.50
120.00
116.00
46.00
48.00
132.00
103.20
83.50
64.50
58.00
103.00
71.00
103.00
106.00
89.00
70.50
106.00
133.60
108.00
104.00
48.50
69.80
88.50
55.60
111.00
61.00
76.00
135.00
65.50
67.50
106.50
96.70
80.60
41.40
73.30
63.20
34.00
